lat 1
man 5
dim 3 2 3 2 3 2
lab X G A B C D
mod G 
    X|G
    A|XG eq2
    B|XG eq2
    C|XG eq2
    D|XG eq2
dat [419 71 35 25 2 5 270 42 25 16 4 5 23 6 4 2 1 0 43 9 9 3 2 2 26 1 3 2 0 0 85 13 23 12 6 8 117 34 14 19 3 5 95 23 10 14 3 2 7 3 1 1 0 0 19 2 1 1 2 1 6 3 0 1 0 0 30 9 9 7 1 4]
des [0 0 0 0 0 0 0 0 0 0 0 0 0 0 0 0 0 0
     0 0 0 0 0 0 0 0 0 0 -1 0
     0 0 -1 0 0 0 0 0 0 0 0 0 0 0 0 0 0 0
     0 -1 0 0 0 0 0 0 0 0 0 0]
sta B|XG [.5 .5 .5 .5 .5 .5 .5 .5 .5 .5 .0 1.0]
sta C|XG [.5 .5 .0 .5 .5 .5 .5 .5 .5 .5 .5 .5 .5 .5 .5 .5 .5 .5]
sta D|XG [1.0 .0 .5 .5 .5 .5 .5 .5 .5 .5 .5 .5]
see 123